Path to success: [(2, 8, 3, 0, 6, 4, 1, 7, 5), (2, 8, 3, 1, 6, 4, 0, 7, 5), (2, 8, 3, 1, 6, 4, 7, 0, 5), (2, 8, 3, 1, 0, 4, 7, 6, 5), (2, 0, 3, 1, 8, 4, 7, 6, 5), (0, 2, 3, 1, 8, 4, 7, 6, 5), (1, 2, 3, 0, 8, 4, 7, 6, 5), (1, 2, 3, 8, 0, 4, 7, 6, 5)]
Move 1
(2, 8, 3)
(0, 6, 4)
(1, 7, 5)
Move 2
(2, 8, 3)
(1, 6, 4)
(0, 7, 5)
Move 3
(2, 8, 3)
(1, 6, 4)
(7, 0, 5)
Move 4
(2, 8, 3)
(1, 0, 4)
(7, 6, 5)
Move 5
(2, 0, 3)
(1, 8, 4)
(7, 6, 5)
Move 6
(0, 2, 3)
(1, 8, 4)
(7, 6, 5)
Move 7
(1, 2, 3)
(0, 8, 4)
(7, 6, 5)
Move 8
(1, 2, 3)
(8, 0, 4)
(7, 6, 5)
Missionary Path to success: [(3, 3, 'b', 'r', 0, 0), (2, 2, 'r', 'b', 1, 1), (3, 2, 'b', 'r', 0, 1), (2, 1, 'r', 'b', 1, 2), (3, 1, 'b', 'r', 0, 2), (2, 0, 'r', 'b', 1, 3), (2, 1, 'b', 'r', 1, 2), (1, 0, 'r', 'b', 2, 3), (1, 1, 'b', 'r', 2, 2), (0, 0, 'r', 'b', 3, 3)]
Sliding Tiles Path to success: [('b', 'w', 'b', 0, 'w', 'w', 'b'), ('b', 'w', 'b', 'w', 'w', 0, 'b'), ('b', 'w', 0, 'w', 'w', 'b', 'b'), ('b', 'w', 'w', 'w', 0, 'b', 'b'), (0, 'w', 'w', 'w', 'b', 'b', 'b')]